Webots Project File version R2018b
perspectives: 000000ff00000000fd000000030000000000000320000003dafc0100000003fc00000000ffffffff0000000000fffffffc0200000001fb00000012005300630065006e0065005400720065006501000000000000039f0000000000000000fb0000001e00480074006d006c0052006f0062006f007400570069006e0064006f007703fffffb3b000002240000032000000300fb0000001a0044006f00630075006d0065006e0074006100740069006f006e0000000000ffffffff0000006900ffffff000000010000023a000002fefc0200000001fb0000001400540065007800740045006400690074006f00720000000015000002fe0000008700ffffff0000000300000780000000dafc0100000001fb0000000e0043006f006e0073006f006c00650100000000000007800000006900ffffff00000780000002fe00000004000000040000000100000008fc00000000
simulationViewPerspectives: 000000ff000000010000000200000290000004ee0100000002010000000101
sceneTreePerspectives: 000000ff0000000100000002000000c0000000fa0100000002010000000201
maximizedDockId: -1
centralWidgetVisible: 1
projectionMode: PERSPECTIVE
selectionDisabled: 0
viewpointLocked: 0
orthographicViewHeight: 0.406976
textFiles: 0 "controllers/weBotsController/weBotsController.c"
robotWindow: jdb
globalOptionalRendering: CoordinateSystem
renderingDevicePerspectives: Pioneer 3-AT v2:camera;0;0.703125;0;0
